-344
-233
-413
-268
-478
-461
-359
-149
-120
-93
-250
-151
-159
-74
-427
-79
-136
8
-236
-276
-179
8
-201
-95
-113
-404
-69
8
-461
-373
-130
-261
-471
-452
-274
-428
-13
-84
-375
-354
-293
-462
-413
-401
-365
-461
-87
-382
-389
-165
-377
-343
-249
-361
-400
-427
-26
-38
-143
-485
-315
-312
-441
-63
-266
-382
-365
-391
-164
-496
-376
-90
-361
-40
-306
-134
-85
-136
-387
-302
-152
-111
-305
0
-341
-479
-232
-374
-488
-487
-249
-327
-113
-219
-399
-165
-211
-297
-192
-58
-11
-275
-164
-251
-163
-376
-31
-68
-406
-132
-414
-291
-161
-483
-425
-132
-6
-224
-498
-74
-22
-12
-472
-154
-69
-111
-125
-320
-149
-96
-432
-141
-94
-129
-412
-291
-343
-333
-311
-389
-69
-418
-187
-73
-208
-258
-175
-293
-101
-282
-267
-82
-446
-461
-427
-361
-34
-310
-94
-144
-410
-289
-162
-94
-41
-319
1
-292
-477
-215
-212
-367
-302
-464
-184
-376
-114
-491
-337
-421
-452
-190
-348
-264
-467
-393
-208
-368
-23
4
-165
-321
-409
-419
-292
-49
-132
-254
-388
-385
-413
-285
-351
-22
-70
-213
-339
-380
-223
-413
-320
-329
-426
-16
-190
-291
-144
-101
-303
-226
-332
-306
-216
-215
-102
-28
-273
-424
-136
-491
-74
-157
-67
-319
-488
-34
-492
-353
-118
-182
-33
-245
-398
-500
-464
-437
-265
-306
-78
-369
-251
-381
-153
-274
-231
-120
-483
-46
-213
-155
-454
-205
-110
-166
-11
-160
-109
-205
-117
-486
-202
-240
-124
-341
-171
-1
-299
-326
-471
-199
-326
0
-139
-387
-354
-189
-131
-187
-464
-439
-465
-415
-157
-230
-479
-275
-364
-32
-110
-386
-296
-382
-439
-479
-499
-390
-140
-187
-189
-449
-331
-147
-63
-376
-445
-201
-74
-61
-15
-172
-379
-326
-455
-419
-151
-325
-2
-217
-321
-85
-162
-265
-172
-368
-351
-197
-211
-427
-96
-58
-74
-368
-308
-273
-44
-498
-166
-305
-440
-449
-465
-319
-134
-273
-319
-33
-471
-468
-248
-278
4
-318
-144
-204
7
-63
-185
-70
-418
-389
-37
-90
-455
-369
-213
-222
-168
-112
-249
-165
-333
-440
-291
-324
-56
-420
-309
-309
-488
-107
-386
-191
-101
-432
-279
-411
-423
-252
-355
-344
-392
-348
-347
-30
-32
-414
-397
-414
-398
-452
-228
-413
-161
-342
-261
-493
-352
-377
2
-33
-307
-291
-15
-491
-193
-402
-149
-480
-396
-468
-398
-131
-16
-153
-468
-332
-315
-284
-442
-83
-336
-344
-454
-121
-283
-32
-113
-216
-413
-131
-158
-486
-420
3
-152
-159
-202
-424
-124
-49
-222
-184
-222
-317
-319
-251
-125
-26
-62
-199
-446
-124
-139
-446
-387
-273
-338
-87
-246
-477
-11
-304
-243
-131
-465
-313
-376
-476
-39
-224
-63
-271
-423
-146
-380
-54
-254
-377
-253
-320
-74
-116
-326
-86
-87
-284
-160
-124
-394
-372
-262
-209
-498
-471
-91
-266
-161
-222
-99
-338
-13
-170
-360
-183
-381
-445
-304
-277
-35
-76
-260
5
-198
-289
-420
-298
-418
-349
-43
-6
-454
-44
-395
-191
-301
-340
-480
-120
-441
-405
-496
-199
-122
-241
-5
-196
-498
-20
-420
-13
-112
-301
-152
-323
-482
-411
-445
-467
-7
-180
-188
-126
-229
-359
-54
-251
-151
-397
-33
-426
-486
-167
-293
-129
-138
-255
-267
-132
-15
-335
-349
-174
-300
-207
-223
-186
-263
-31
-198
-332
-241
-365
-32
-64
-146
-93
-200
-370
-446
-402
-217
-47
-169
-209
-238
-262
-250
-256
-310
-69
-28
-457
-46
-14
-193
-204
7
-230
-59
-206
-178
-265
-23
-421
-483
-341
-401
-251
-307
-50
-360
-375
-79
-6
-170
-484
-311
-430
-217
-283
-38
-1
-91
-335
-232
-444
-372
6
-211
-222
-345
-204
-457
-228
-463
-210
-476
-101
-129
-215
-146
-339
-131
-82
-182
-496
-169
-217
-411
-16
-50
4
-175
-239
-37
-375
-446
-172
-20
-235
-457
-21
-63
-138
-6
-404
-315
-155
-251
-355
-144
-123
-12
-195
-191
-414
-308
-308
-387
-409
-131
-290
-366
-318
-119
-211
-379
-88
-289
-196
-250
-368
-85
-248
-304
-86
-47
-345
-388
-194
-59
0
-14
-6
-390
-194
-358
-322
-45
-375
-23
-22
-336
-84
-499
-27
-268
-81
-350
-276
-146
-259
-123
-353
-142
-428
-81
-58
-416
-386
-23
-48
-232
-128
-478
-477
-37
-403
-41
-48
-343
-345
-407
-354
-280
-50
-241
-18
-409
-261
-24
-471
-318
-401
-470
-47
-114
-84
-125
-81
-67
-133
-156
-162
-90
-28
-445
-470
-112
-151
-205
-302
-426
2
-316
-483
-118
-249
-400
2
-125
-188
-266
-317
-285
-164
-369
-297
-79
-59
-192
-307
-279
-500
-426
-173
-121
-20
-426
-197
-409
-188
-321
-372
-326
-328
-378
-331
-249
-138
-284
-14
-308
-272
-276
-452
-319
4
-198
-129
-77
-308
-81
-100
1
-392
-277
-300
-444
-301
-299
-295
-394
-420
-268
-243
-125
-259
-123
-104
-404
-247
-491
-419
-424
-372
-195
-142
-287
-382
1
-434
-14
-256
-213
-266
-365
-131
-427
-12
-252
-75
-5
-369
-448
-458
-313
-93
-344
-30
-117
-462
-491
-86
-296
-307
-455
-204
-380
-324
-209
-358
-187
-227
-185
-67
-264
-436
-316
-84
-167
-402
-188
-440
-400
-197
-134
-74
-85
-176
-50
-206
-228
-306
-10
-254
-486
-250
-161
-82
-385
-15
-409
-479
-261
-400
-290
-196
-368
-437
-324
-453
-47
-106
-238
-13
-479
-223
-17
-280
-228
-320
-90
-28
-299
-161
-6
-48
-372
-13
-270
-409
-492
-470
-46
-118
-313
-219
-220
-458
-150
-393
-225
-59
-72
-369
-214
-408
-351
-251
-318
-174
-238
-302
-469
-201
-161
-6
-422
-178
-123
-79
-357
-392
-428
-39
-82
-94
-51
-477
-444
-379
-365
-100
-33
-361
-209
-373
0
-323
-486
-359
-144
-135
-184
-257
-165
-257
-80
-77
-8
-181
-367
-141
-313
-389
-344
-455
-499
-184
-183
-109
-52
-265
-491
-179
-3
-287
-220
-336
-421
-354
-470
-14
-149
-369
-386
-437
-400
-358
-200
-6
-461
-475
-188
-472
-275
-32
-431
-156
-482
-186
-389
-367
-7
-176
-259
-75
-198
-269
-61
-347
-467
-208
-332
-150
-203
-453
-418
-197
-335
-366
-285
-478
-326
-154
-433
-469
-126
-97
-274
-109
-177
-454
-76
-242
-254
-421
-467
-415
-274
-443
-108
-448
-469
-142
-412
-370
-76
-235
-135
-92
-392
-492
-435
-411
-19
-369
-401
-16
-414
-160
-23
-332
-442
-38
-477
-87
-272
-489
-338
-249
-16
-234
-411
-15
-464
-3
-430
-313
-312
-461
-140
-164
-53
-357
-320
-378
-410
-66
-39
-284
-440
-96
-186
-41
-183
-383
-96
-216
-166
-340
-172
-185
-171
-37
-192
-313
-51
-46
-460
-176
-374
-145
-274
-62
-215
-275
-46
-75
-387
-484
-413
-35
-408
-91
-306
-60
-212
-385
-474
-330
-435
-60
-447
-74
-335
-429
-494
-259
-91
-226
-243
-96
-76
-344
-130
-302
-215
-266
-183
-386
-398
-67
-95
-117
-129
7
-69
-287
-280
-454
-364
-372
-26
-488
-407
-419
-129
-353
-197
-264
-306
-195
-413
-139
-185
-149
-83
-57
-482
-326
-452
-63
-270
-268
-402
-291
-401
-160
-5
-170
-185
-354
-206
-131
-471
-382
-188
-58
-113
-54
-389
-373
-257
-368
-149
-441
-217
-312
-97
-164
-488
-497
-45
7
-169
-166
-439
-120
-479
-429
-85
-174
-102
-492
-402
-354
-306
-1
-294
-140
-230
-125
-44
-254
-462
-349
-1
-408
-239
-86
-391
-499
-287
-51
-485
-435
-148
-211
-439
-261
-405
-89
-452
9
-133
-338
-321
-253
-251
-273
-291
-324
-85
-189
-327
-498
-312
-398
-180
-30
-285
-371
-452
-130
-269
-233
-366
-239
-100
-416
-347
-407
-225
-424
-124
-209
-196
-87
-411
-134
-458
-133
-290
-400
-238
-242
-471
-262
-80
-347
-231
-442
-391
-304
-411
-71
-436
-156
-306
-44
-452
-106
-180
-380
-464
-217
-204
-147
-363
-323
-90
-113
-290
-290
-460
-283
-58
-250
-177
-332
-409
-140
-433
-391
-343
-152
-256
-326
-457
-500
-168
-456
-191
-105
-42
-157
-407
9
-403
-13
-415
-421
-7
-20
-440
-272
-308
-254
-474
-263
-465
-201
-498
-428
-20
-482
-310
-437
-1
-141
-168
-137
-340
-421
-241
-430
-220
-273
-8
5
-51
-367
-422
-86
-56
-34
-109
-236
-85
-310
-387
-201
-309
-460
-477
-335
-482
-141
-302
-115
-190
-463
-264
-192
-188
-297
-394
-485
-267
-438
-103
-261
-288
-392
-303
-81
-50
-357
-173
-239
-207
-105
-440
-69
-344
-474
-23
-134
-416
-368
-446
-197
-254
9
-65
-327
-55
-100
-32
-434
-258
-279
-215
-272
-455
-151
-450
-11
-458
-460
-407
-139
-152
-244
-365
-325
-356
-368
-441
-291
-432
-99
-491
-498
-497
-171
-352
-318
-153
-273
-345
-267
-124
-127
-397
-345
-376
-14
-104
-419
-2
-25
-89
-358
-67
-49
-189
-58
-479
-211
-391
-33
-319
-169
-129
-95
-138
-85
-394
-428
-235
-232
-350
-34
-189
-302
-441
-76
-365
-30
-204
-360
-7
-194
-73
-11
-441
-433
-134
-402
-464
-343
-255
-87
-472
-317
-14
-304
-478
-373
-109
-98
-435
-486
-212
-482
-107
-448
3
-255
-412
-94
-251
-326
-133
-146
-59
-225
-395
-16
-131
-356
-330
-213
9
-91
-331
-104
-323
-291
-391
-189
-236
-172
-134
-84
-397
-10
-160
-328
-282
-6
-142
-486
-224
-64
-271
-122
-141
-385
-478
-43
-439
-80
-116
-264
-423
-474
-254
-201
-103
-314
-344
-230
-414
-198
6
-190
-495
-218
-492
-28
-344
-82
-352
-303
-428
-175
-180
-162
5
-347
-50
-483
-274
-129
-486
-246
-474
-191
-63
-48
-43
-394
-194
-316
-324
-68
-389
-318
-251
-88
-51
-378
-79
-246
-155
-63
-27
-480
-148
-407
-338
-263
-122
-138
-438
-20
-208
-486
-267
-62
-6
-301
-413
-395
-156
-400
-480
-426
-147
-238
-463
-134
-57
-306
-236
-491
-388
-446
-288
-138
-384
-78
-447
-350
2
-347
-238
-225
-93
-89
-447
-359
-395
-285
-357
-390
-344
-160
-124
-153
-217
-442
-386
-301
-272
-278
-227
-79
-178
-466
-137
-354
-405
-389
-145
-365
-36
-370
-195
-39
-411
-69
-181
-406
-92
-340
-34
-442
-369
-289
-316
-225
-288
-213
-322
-318
-375
-203
-450
-391
-46
-53
6
-237
-247
-106
-110
-18
-484
-152
-293
-319
-165
-342
-369
-421
-49
-207
1
-16
-188
-406
-379
-189
-459
-490
-473
-93
-202
-431
-153
-211
-89
-406
-366
-23
-20
-356
-239
-160
-155
-301
-59
-270
-33
-357
-460
-492
-7
-292
-397
-234
-121
-293
-361
-241
-319
-324
-461
6
-1
-398
-127
-267
-227
-353
-135
-235
9
-346
-173
-60
-409
-116
-386
-108
-36
-239
-479
-296
-154
-338
-310
8
-151
-87
-410
-160
-3
-161
-374
-111
-339
-488
-151
-345
-220
-136
-10
-46
-133
-398
-18
-264
-438
-169
-58
-119
-152
-127
-323
-282
-122
-407
-185
-248
-477
-353
-16
-118
-155
-378
-493
-248
-300
-51
-278
-245
-221
-207
-445
-130
-11
7
-340
-337
-18
-46
-40
-477
-387
-371
-493
-482
-487
-60
-355
-308
-431
-12
-17
-3
-418
-490
-244
-235
-409
-376
-124
-264
-44
-225
-500
-52
-284
-373
-208
-471
-157
-90
-97
-372
-26
-466
-260
-191
-15
-489
-67
-2
-80
-414
-467
-42
-450
-194
-350
-197
-486
-184
-251
-421
-3
-66
-285
-53
-409
-168
-219
-166
-464
-407
-296
-397
-170
-84
-77
-490
-307
-205
-253
-358
-49
-109
-33
-235
-344
-457
-212
-373
-210
-44
-484
-479
-245
-241
-134
-270
-44
-17
-360
-348
-8
-48
-350
-290
-15
-113
-396
-200
-448
-8
-290
-221
-295
-107
-117
-321
-204
-345
-271
-158
-26
-146
-237
-496
-342
-205
-369
-448
-391
-135
-297
-404
-246
-277
-131
-417
-342
-316
-261
-431
-211
-437
-351
-144
-290
-449
-4
-493
-486
-350
-444
-475
-88
5
-90
-220
-142
-145
-80
-186
-348
-487
-455
-11
-21
-456
-429
-60
-445
-244
-309
-291
-4
-474
-169
-174
-32
-83
-110
-74
-231
-443
-14
-69
-189
-69
-334
-385
-51
-70
-12
-97
-315
-143
-48
-405
-117
-268
-382
-99
6
-102
-407
-54
-2
-167
-367
-98
-372
-94
-257
-420
-194
-42
-378
-165
-33
-201
-24
-154
-456
-499
-280
-54
-499
-472
-249
-206
-380
-253
-255
-380
-351
-244
-212
-374
-202
-74
-86
-431
-40
-490
-432
-204
-278
-248
-185
-310
-130
-364
-415
-191
0
-430
-32
-425
-486
-315
-113
-377
-323
-264
-7
-405
-255
-260
-111
-222
-92
-45
-6
-365
-330
-40
-306
-348
-287
-442
-336
-140
-472
-231
-253
-185
-273
-477
-339
-72
-138
-498
-345
-144
-125
-87
-346
-386
-397
-449
-186
-160
-483
-17
-46
-404
-459
-164
-203
-195
-232
-428
-464
-451
-307
-430
-369
-207
-432
-184
-481
-173
-55
-54
-4
-108
-72
-138
-289
0
-402
-229
-59
-275
-53
-30
-427
-159
-140
-297
-252
-189
-18
-234
-220
-320
-218
-268
-90
-333
-338
-248
-217
-80
-304
-499
-142
-245
-66
-489
-174
-166
-340
-27
-154
-27
-64
-274
-113
-400
-90
-18
-280
-448
-38
-475
-408
-414
-219
-363
-238
-366
-252
-57
-235
-461
-179
-167
-253
-219
-322
-337
-184
-338
-92
-40
-462
-332
-285
-258
-90
-88
-123
-354
-179
-5
-93
-494
-2
-411
-468
-493
-303
-334
-198
-451
-252
-396
-464
-146
-457
-82
-412
-203
-144
-103
-494
-186
-368
-64
1
-312
-22
-150
-258
-462
-72
-328
-330
-151
-113
-54
-1
-145
-298
-13
-260
-214
-398
-179
-63
-405
-26
-391
-391
-321
-464
-298
-76
-229
-129
-200
-427
-234
-266
-100
-275
-140
-382
-493
-326
-122
-479
-274
-477
-351
-286
-448
-275
-226
-35
-1
-26
-107
-187
-112
-336
-177
-96
-73
-398
-417
-188
-183
-19
-191
-136
-457
-152
-195
-169
-185
-413
-220
-111
-332
-208
-201
-328
-443
-74
-163
-15
-240
-94
-400
-467
3
-127
-143
-39
-320
-414
-451
-373
-193
-83
-120
-422
-275
-495
-344
-228
-301
-16
-472
-303
-232
-481
-493
-289
-66
-187
-54
-369
-84
-275
-264
-163
-483
-189
-449
-168
-229
-465
-317
-205
-496
-305
-107
-119
-363
3
-141
-356
-204
-57
-123
-248
-497
-37
-241
-471
-356
-223
-276
-423
-280
-141
-81
-206
-330
-413
-442
8
-35
-420
-20
-113
-421
-278
-472
-318
-449
-392
-356
-68
-82
-148
-80
4
-500
-439
-428
-276
-164
-85
-425
-155
-294
-491
-77
-253
-309
-418
-127
-99
-312
-269
-311
-95
-164
-191
-276
-345
-58
-490
-163
-72
-251
-30
-499
-121
-169
-473
-125
-271
-299
-195
-340
-390
-353
-254
-5
-344
-83
-179
-334
-92
-276
-297
-279
-299
-118
-427
-204
-283
-239
-298
-432
-350
-64
-369
-308
-144
-112
-131
-221
-496
-158
-49
-415
-445
-10
-349
-423
-439
-258
-343
-268
-4
-442
-15
1
-385
-101
-129
-180
-226
-283
-411
-473
-58
-72
-394
-29
-445
-386
-499
-301
-84
-485
-410
-215
-490
-49
-248
-261
-174
-425
-466
-101
-186
-126
-299
-454
-488
-468
-68
-317
-40
-310
-230
-61
-177
-336
-264
-4
-157
-305
-181
-86
-313
-445
-44
-256
-475
-385
-460
-84
-391
-421
-410
-158
-494
-221
-143
-410
-202
-418
-243
-400
-289
-288
-491
-120
-24
-203
-207
-99
-468
-220
-240
-466
-296
-354
-13
-352
-285
-248
-68
-16
-333
-261
-487
-499
-399
-23
-382
-414
-250
-427
-70
-452
-257
-213
-50
-271
-296
-495
-38
-25
-346
-166
-287
-424
-227
-239
-121
-200
-79
-85
-362
-152
-159
-494
-302
-37
-52
-105
-438
-246
-487
-36
-459
-150
-241
-386
-177
-247
-147
-270
-328
-344
-472
-303
-278
-328
-441
-168
-151
-468
0
-187
-308
-293
-200
4
-37
-326
-383
-176
-15
-400
-270
-473
-320
-274
-381
3
-37
-262
-172
-311
-189
-337
-120
-308
-428
-4
-463
-180
-94
-325
-18
-406
-425
-487
-485
-349
-363
-137
-160
-197
-247
-220
-15
-67
-492
-48
-499
-325
-413
-175
-486
-205
-185
-149
-113
-207
-432
-367
-346
-180
-60
-56
-140
-60
-100
-344
-189
-220
-2
-150
-334
-271
-132
-155
-284
-324
-129
-411
-43
-386
-124
-190
-263
-288
-214
-400
-317
-239
-80
-350
-229
-91
4
-247
-22
-332
-168
-245
-57
-285
-123
-239
-34
-125
-100
-138
-61
-81
-226
-354
-487
-314
-375
-257
-395
-281
-466
-300
-434
-369
-53
-103
-214
-110
-1
-395
-133
-130
-326
-345
-486
-73
-147
-147
-482
-157
-230
-103
-25
-89
-238
-435
-313
-87
-326
-378
7
-220
-308
-229
-7
-189
-335
-22
-290
-459
-482
-128
-314
-100
-377
-168
-395
-172
-431
-490
-301
-25
-333
-290
-419
-66
-162
-378
-206
-408
-284
-360
-354
-269
-333
-100
-118
-201
-170
-16
-309
-446
-51
-499
-377
-335
-121
-250
-435
-158
-378
-116
-468
-289
-92
-413
-372
2
-462
-84
-272
-377
-377
-83
-190
-286
-321
-193
-295
-25
-442
-84
-168
-27
-402
6
-458
-329
-170
-373
-441
-474
-465
-405
-119
-449
-227
-59
-310
-437
-208
-36
-470
-52
-37
-477
-337
-406
-60
-333
-500
-102
-192
-216
-244
-47
-455
-365
-228
-126
-212
-452
-241
-187
-151
-105
-285
-320
-423
-210
-181
-150
-412
-500
-487
-456
-147
-105
-318
-54
-153
-5
-417
-411
-235
-26
-171
-206
-464
-420
-49
-66
-104
-301
-92
-168
-137
-239
-369
-296
-342
-267
-135
-39
4
-451
-352
-171
-55
-105
-229
-27
-242
-71
-337
-36
-239
-444
-94
-199
-384
-383
-69
-22
-1
-172
-274
-258
-187
-168
-476
6
-375
-398
-191
-182
-177
-336
-313
-35
-101
-442
-140
-90
-345
-23
-190
-117
-197
-478
-363
-264
-318
-191
-57
-45
-288
-16
-361
-139
-450
-332
-176
-172
-327
-75
-353
-321
-96
-122
-431
-134
-404
-154
-306
-172
-119
-376
-17
-89
-156
-200
-399
-489
-400
-214
-289
-194
-498
-98
-185
-381
-215
-251
-60
-389
-341
-202
-75
-177
-317
-264
-124
-386
-406
-350
-315
-112
-324
-107
-226
-332
-323
-109
-12
-61
-307
9
-314
-35
-62
-258
-206
-402
-369
-268
-410
-395
-143
-167
-17
-416
-210
-207
-160
-392
-165
-313
-302
-70
-281
-329
-427
-257
-30
-151
-106
-207
-358
-497
-444
-39
-489
-31
-412
-369
-113
-192
-40
-252
-357
-126
-63
-448
-236
-446
-53
-496
-61
-236
-173
-182
-25
-275
-286
2
-446
-423
-349
-134
-342
-416
-464
-221
-430
-495
-406
-267
-347
-226
-81
-144
-355
-99
-312
-311
-235
-115
-369
-355
-172
-83
-361
-470
-228
-69
-335
-474
-63
-378
-81
-248
-470
-186
-297
-181
-98
-7
-118
-270
-360
-481
-165
-333
-156
-470
-214
-398
-112
-480
-404
-207
-121
-382
-478
-146
-422
-300
-184
1
-379
-396
-222
-119
-65
-471
-354
-27
-148
9
-365
-166
-199
-225
-357
-217
-352
-484
-344
-478
-289
-152
-98
-74
-227
-85
-272
-83
-145
-212
-122
-480
-265
-84
-163
-466
-232
-304
-47
-336
-483
-130
-105
-297
-481
-40
-496
-222
-320
-499
-484
-467
-444
-425
-302
-433
-242
-254
-391
-369
-54
-62
-336
7
-341
-128
-453
-155
-15
-452
-185
-212
-327
-14
-17
-476
-84
-335
-131
-80
-275
-96
-441
-273
-476
-227
-138
-247
-443
-321
-77
-302
-187
-244
-427
-480
-327
-465
-88
-149
-380
-406
1
-490
3
-330
-134
-265
-76
-401
-120
-385
-445
-143
-222
-306
-440
-65
-349
-490
-346
-498
-194
-345
-450
-373
-191
-339
-95
-211
-188
-162
-227
-497
-215
-71
-115
-28
-101
-480
-460
6
-288
-398
-256
-377
-426
-491
-431
-410
-24
-401
-43
-299
-168
-232
-52
-77
-366
-378
-362
-33
-155
-285
-453
-393
-309
-446
-467
-83
-467
-5
-91
-241
-360
-221
-285
-49
-260
-15
-38
-343
-332
-307
-115
-353
-282
-277
-496
-38
-489
-24
-201
-185
-127
-41
-341
-125
-363
-254
-53
-106
-387
-162
-487
-341
-438
-210
-385
-432
-157
-148
-57
-218
-346
-25
-283
-170
-141
-188
-493
-387
-395
-207
-487
-464
-157
-18
-73
-349
-98
-107
-311
-226
-253
-288
-6
-387
-364
-33
-399
-33
-408
-204
-472
-189
-53
-187
-7
-444
-382
-14
-317
-395
-318
-340
-179
-335
-402
-83
-197
-132
-70
-108
-131
-338
-147
-188
-178
8
-190
-79
-488
-320
-316
-126
-293
-460
-139
-217
-470
-158
-192
-230
-269
-214
-481
-268
-270
-290
-430
-450
-7
-245
-136
-72
-162
-235
-49
-406
-199
-322
-265
-213
-389
-224
-402
-221
-309
-408
-30
-318
-230
-332
-219
-82
-412
-7
-381
-428
-167
-52
-289
-248
-108
-481
-367
-72
-338
-314
-446
-21
-71
-460
-342
-323
-493
-383
-318
-246
-220
-107
-474
-350
-496
-450
-63
-121
-444
-393
-435
-27
-129
-297
-46
-91
-61
-267
-5
-16
-185
-107
-186
-89
-441
-140
-430
-444
-334
-68
-332
-492
-144
-367
-445
-310
-259
-339
-163
-242
-287
-75
-369
-291
-155
-357
-408
-21
-350
-224
-363
-424
-204
-467
-170
-448
-57
-392
-365
-454
-22
-276
-373
-311
-313
8
-244
-244
-276
-471
-119
-98
-265
3
-303
-465
-371
-472
-243
-127
-313
-114
-193
-239
-92
-148
-405
-486
-234
-293
-128
-353
-435
-183
-288
-280
-378
-150
-23
-484
-264
-435
-242
-487
-48
-385
-139
-22
-381
-110
-4
-471
-245
-431
-122
-343
-263
-6
-236
-416
-103
-462
-446
-234
-181
-248
-201
-269
-365
-482
-224
-353
-108
-388
-192
-407
-360
-360
-220
-270
-108
-328
-355
7
-131
-210
-455
-1
-129
-253
-210
-179
-246
-27
-137
-129
-326
-171
-348
-40
-320
-325
-385
-206
-410
-139
-46
-295
-142
-106
-316
-407
-62
-193
-350
-406
-160
-107
-123
-498
-319
-477
-336
-479
-263
-363
-325
-444
-330
-382
-228
-291
-405
-403
-68
-224
-125
-200
-485
-308
-500
-34
-196
-156
-130
-60
-124
-13
-424
-174
-287
-165
-168
-211
-236
-136
5
6
-36
-95
-441
-448
-182
-301
-132
-95
-336
-77
-182
-252
-411
-368
-354
-96
-102
-444
-430
-128
-86
-66
-281
-182
-231
-187
-471
-432
-268
-423
-142
-485
-273
-146
-386
-433
-190
-416
-25
-98
-224
-7
-51
-365
-322
-210
-150
-343
-496
-163
-203
-162
-364
-413
-263
-160
-453
-256
-134
-299
-334
-424
-177
-447
-130
-3
-337
-408
-372
-372
-497
-473
-96
-492
-191
-354
-184
-62
-471
-35
-209
-247
-428
-103
-292
-67
-412
-369
-440
-184
-31
-181
-132
-292
-364
-39
-305
-64
-334
-478
-109
-360
-271
-371
-411
-79
-478
-127
-265
-67
-124
-33
-261
-353
-86
-307
-452
-422
-316
-166
-359
-282
-31
-436
-97
-330
-331
-375
-69
-273
-337
-32
-195
-491
-405
-248
-74
-80
-131
-83
-29
-55
-189
-467
-64
-381
-467
-392
-286
-270
-386
-352
-39
-65
-311
-466
-249
-390
-424
-120
-490
-20
-330
-119
-362
-37
-304
-322
-76
1
-450
-49
-148
-413
-395
-1
-394
-393
-421
-245
-3
-142
-450
-454
-364
-59
-13
-60
-65
-129
-76
-433
-266
-108
-32
-437
-373
-376
-234
-365
-210
-405
-291
-38
-220
-396
-182
-92
-55
-216
-375
-252
-22
-299
-112
-81
-273
-265
-25
-311
-219
-290
-224
-380
-499
-50
-206
-290
-405
-203
-145
-472
-143
-143
-23
-395
-400
-434
-55
-64
-52
-18
-443
-130
-90
-398
9
-26
-414
-369
-417
-76
1
-343
-325
-71
-340
-17
-68
-422
-239
-346
-115
-458
-367
-95
-44
-217
-4
-330
-229
7
-305
-367
-96
-371
-467
-94
-378
-55
-150
-181
-156
-434
-437
-98
-8
-348
-273
-257
-48
-204
-344
-349
-27
-267
-357
-351
-58
-22
-379
-483
-320
-486
-383
-366
-306
-102
-40
-324
-465
-427
-374
-54
-95
-459
-296
-316
-4
-55
-30
-140
-164
-59
-36
-427
-327
-97
-343
-445
-376
-331
-359
-170
2
-427
-456
-241
-181
-156
-51
-313
-342
-473
-235
-360
-178
-336
-284
-220
-62
-479
-461
-463
-256
-329
3
-221
-435
-404
-422
-315
-264
-296
-358
-148
-64
-107
-32
-447
-147
-254
-243
-359
-334
-296
-148
-419
-81
-405
-370
-20
-434
-74
-57
-397
-186
-441
-171
-43
-321
-173
-397
-471
0
-432
-168
-222
-403
-249
-497
-332
-414
-152
-378
-486
-328
-270
-174
-453
-377
-317
-289
-457
-359
-51
-118
-131
-85
-184
-114
-35
-53
-483
-238
-144
-10
-333
-125
-302
-207
-351
-430
-419
-9
-289
-282
-333
-101
-498
-350
-183
-484
-422
-409
-25
-198
-34
-412
-100
-226
-306
-489
-214
-342
-313
-398
-255
-231
-160
-192
-164
-468
-205
-369
-117
-186
-115
-437
-218
-86
-123
-149
-387
-358
-12
8
-71
-418
-293
-177
-356
-204
-388
-201
-438
-433
-237
-15
-386
-131
-371
-273
5
-248
-211
-414
-96
-358
-274
-251
-38
-448
-383
-38
-279
-265
-372
-3
-264
-311
-473
-375
-137
-47
-365
-446
-69
-337
-203
-140
-355
-199
-55
-92
-340
-341
-178
-492
-461
-435
-143
-221
-172
-440
-264
-139
-432
-430
-178
-148
-190
-184
-442
-231
-392
-2
-281
-413
-303
-160
-209
-115
-341
-496
-24
-375
-468
-457
-162
-156
-443
-45
-291
-22
-269
-179
-404
-83
-235
-307
-464
-401
-132
-483
-487
-216
-326
-301
-137
-430
-209
-438
-19
-188
-155
-262
-131
-273
-250
-183
-394
-396
-283
-122
-236
-166
-278
-441
-341
-166
-465
-233
-74
-376
-152
-171
-455
-203
-127
-89
-162
-275
-364
-126
-310
-138
-234
-438
-465
-286
-340
-99
-429
-487
-31
-26
-421
-224
-377
-16
-164
-446
-353
-247
-318
-234
-94
-360
-270
-157
-330
6
-415
-8
-261
-471
-126
-58
-122
-259
-436
-473
-144
-219
-243
-159
-63
-112
-333
-393
-55
-209
-475
-427
-14
-160
-362
-16
-95
-185
-404
-299
-290
-354
-327
-349
-487
-199
-401
-159
-66
-498
-457
-363
-288
-139
-16
-184
-94
-477
-142
-391
-485
-352
-351
-161
-28
-90
-7
-167
-494
-91
-217
-376
-45
-269
-180
-243
-32
-77
-269
-365
-290
-167
-58
-136
-2
-314
-447
-280
-237
-299
-432
-352
-169
-296
-399
-496
-409
-307
-90
-490
-405
-297
-168
-228
-50
-335
-28
-240
-133
-39
-334
-112
-12
-256
-399
-6
-330
-148
-39
-307
-343
-408
-313
-37
-2
-312
-43
-25
-4
-421
-442
-420
-489
-228
-308
-470
-294
-384
-294
-226
-463
-183
-375
-37
-378
-378
-463
-225
-306
-84
-382
-377
-243
-400
-338
-18
-413
-204
-418
-217
-410
-459
-401
-211
-250
-349
-308
-427
-428
-179
-214
-443
-11
-499
-85
-440
-155
-207
-397
-193
-443
-419
-370
-309
-225
-90
-322
-3
-322
-452
-310
-178
-102
-338
-82
-410
-224
-93
-122
-395
-96
-341
-330
-98
-445
-257
-114
0
-373
-116
-3
-45
-178
-239
-448
-484
-477
-252
-239
-362
-278
-157
-491
-13
-122
-228
-114
-105
-110
-80
-321
-265
-75
-126
-36
-195
-192
-146
-165
-234
-449
-53
-60
-401
-434
-286
-337
-127
-308
-128
-8
-92
-88
-119
-284
-43
-140
-188
-4
-125
-409
-85
-339
-278
-285
-374
-350
-428
-223
-225
-238
-21
8
-44
-50
-108
-400
-274
-30
-264
-491
-423
-272
-81
-192
-35
-150
-6
-314
-245
-9
-214
-351
-172
-113
-344
-55
-54
-446
-412
-159
-251
-413
-417
-490
7
-38
-291
-204
-440
-239
-311
-336
-294
-277
-91
-247
-275
-486
-309
-366
-14
-358
-465
-390
-180
-469
-491
-252
-451
-8
-255
-311
-130
-205
-167
-118
-446
-80
-98
-442
-190
-23
3
-364
-10
-175
-361
-296
-80
-279
-224
-19
-71
-109
-337
-233
-130
-82
-159
-6
-303
-185
-236
-191
-165
-356
-429
-10
-413
-223
-180
-353
-99
-172
-262
-134
-340
-324
-173
-213
-3
-366
-360
-306
-346
-73
-165
-356
-89
-465
-184
-211
-241
-493
4
-337
-194
-195
-216
-392
-119
-307
-21
-279
-245
-260
-59
-412
-324
-417
-469
-86
-486
-469
-40
-263
-282
-178
-422
-402
-409
-376
-161
-32
-95
-286
-66
-129
-145
-71
-180
-447
-56
-170
-342
-185
-194
-134
-64
-257
-495
-290
-362
-258
-186
-23
-391
-363
-192
-360
-268
-359
-67
-66
-112
-393
-226
-456
-149
-190
-410
-102
-42
-35
-248
-179
-152
-155
-263
-484
-76
-227
-193
-87
-409
-7
-243
-438
-7
-368
-122
-285
-260
-296
-419
-448
-463
-35
-179
-44
-491
-247
-70
-76
-367
-80
-294
-238
-377
-235
-459
-272
-388
-375
-189
-112
-271
-126
-79
-71
-337
-464
-209
-376
-312
-468
-443
-456
-237
-487
-431
-77
-141
-450
-320
-253
-489
-457
-384
-122
-452
-291
-291
-319
-172
-386
-158
-374
-481
-97
-189
-308
-52
-483
-456
-145
-1
-452
8
-139
-490
-17
-153
-419
-58
-136
-147
-160
-131
-226
-314
-146
-409
-219
-419
-306
-296
-95
-285
-88
-285
-421
-463
-2
-321
-113
-54
-306
-242
-145
-73
-60
-125
9
-360
-340
-67
-395
-190
-280
-133
-452
-264
-37
-31
-30
-8
-234
-61
-30
-462
-451
-361
-392
-73
-19
-414
-286
-31
-26
-67
-444
-47
-63
-47
-352
-431
-267
-249
-432
-401
-190
-36
-40
-36
-321
-31
-124
-431
-325
-92
-400
-394
1
-37
-105
-312
-490
-454
-218
-16
-422
-155
-89
-385
-2
-194
-447
-498
-206
-153
-14
-336
-348
-471
-473
-38
-158
-48
-421
-266
-470
-123
-320
-222
-4
-55
-73
-312
-286
-220
-125
-191
-292
-329
-234
-259
-266
-228
-136
-232
-77
-72
-494
-409
-94
-207
-243
-439
-127
-243
-5
-117
-435
-206
-103
-149
-189
-409
-94
-333
-491
-95
-137
-256
-302
-39
-445
-335
-152
-388
-353
-99
-454
-457
-112
-493
-463
-490
-186
-329
-294
-275
-215
-206
-347
-459
-113
-237
-180
-202
-321
-309
-411
-455
-120
-480
-173
-158
-41
-19
-499
-425
-438
-459
-191
-26
-350
-264
-298
-302
-217
-237
-361
-163
-423
-45
-387
-245
-61
-308
-137
-365
-376
-194
-226
-155
-25
-424
-24
-312
-344
-352
-482
-190
-414
-458
-218
-82
-73
-343
-443
-331
-283
-365
-82
-350
-469
-185
-350
-470
-132
-127
-258
-93
-263
-433
-296
-323
-406
-275
-131
-142
-456
-38
-474
-190
-304
-286
-450
-228
-43
-305
-429
-272
0
-138
-383
-265
-415
-210
-89
-326
-138
-92
-463
-371
-100
-438
-380
-377
-114
-154
-393
-55
-340
-325
-280
-26
-231
-262
-374
-295
-200
-20
-368
-338
-432
-92
-317
-495
0
-74
-3
-135
0
-416
-98
-288
-262
-398
-416
-94
-250
-254
-327
-459
-212
-221
-237
-474
-342
5
-353
-409
-30
7
-2
-225
-10
-424
-342
-211
-447
-497
-302
-68
-449
-27
-315
-196
-185
-43
-236
-381
-112
-254
-477
-424
-265
-368
4
-357
-315
-286
-136
-373
-350
-379
-66
-386
-379
-379
-24
-381
-217
-331
-317
-153
-182
-351
-466
-313
-303
-442
-113
-466
-444
-250
-272
-23
-260
-273
-495
-381
-416
-276
-304
-212
-304
-335
-111
-449
-267
-204
-92
-201
-11
-385
-362
-252
-101
-186
-182
-330
-377
-287
-202
-76
-108
-290
-47
-221
-333
-390
-265
-63
-424
-223
-252
-89
-333
-184
-438
-351
-397
-347
-101
-85
-85
-437
-113
-172
-491
-401
-252
-4
-42
-478
-386
-418
-344
-487
-397
-27
-395
-86
-209
-484
-487
-428
-139
-472
-141
-200
-431
-346
-279
-58
-346
-214
-116
-326
-255
-75
-396
-424
-269
-402
-222
-365
-457
-301
-64
-97
-458
-369
-87
-62
-495
-287
-176
-76
-387
-135
-181
-90
-232
-119
-329
-413
-248
-171
-403
-329
-11
-314
-387
-7
-436
-90
-147
-183
-154
7
-168
-278
-138
-227
-193
-100
3
-192
-230
-184
-473
-487
-134
-493
-448
-271
-67
-182
-142
-240
-422
-265
-309
-175
-344
-124
-444
-122
-436
-324
-133
-26
-128
-239
-29
-339
-192
-22
-110
-258
-199
-232
-243
-106
-180
-316
-113
-190
-405
-462
-113
-80
-497
-57
-430
-493
-139
-126
-253
-388
-159
-448
-400
-451
-227
-230
-361
-430
-263
-227
-164
-301
-327
-237
-378
-403
-365
-443
-489
-341
-499
-396
-492
-167
-175
-438
-306
-15
-445
-214
-12
-399
-376
-75
-8
-109
-242
-396
-273
-183
-299
-251
-120
-485
-381
-25
-400
-337
-94
-11
-275
-12
-165
-238
-60
-270
-399
-86
-199
-302
-55
-133
-490
-175
-290
-254
-134
8
-106
-38
-51
-256
-186
-77
-50
-220
-5
-376
-466
-402
-418
-464
-36
-122
-418
-499
-113
-356
-261
-1
-202
-13
-251
-188
-304
-306
-346
-443
-334
-182
-289
-75
-35
-63
-345
-192
-144
-334
-471
-384
-157
-274
-497
-362
-387
-72
-481
-248
-391
-33
-481
-338
-425
-234
-143
-177
-390
-24
-330
-295
-179
-306
-378
-211
-75
-429
-101
-250
-68
-218
-183
-292
-72
-465
-108
-216
-254
-22
-225
-266
-351
-345
-337
-261
-85
-277
-395
-84
-294
-327
-417
-400
-91
-490
-374
-394
-356
-451
-381
-48
-330
-158
-9
-143
-165
-160
-261
-349
-271
-415
-149
-113
-48
-105
-23
-464
-172
-298
-248
-405
-255
-58
-115
-17
-210
-154
-6
-296
-4
-109
-65
-22
-494
-146
-234
-497
-301
-94
-340
6
4
-44
-172
-340
-38
-458
-147
-109
-500
-11
-416
-293
-478
-108
-91
-157
-498
-141
-482
-206
-368
-444
-112
-176
-56
-399
-355
-61
-428
-17
-151
-114
-314
-470
-252
-119
-59
-380
-394
-55
-376
-384
-268
-176
-206
-216
-416
-237
-97
-214
-279
-475
-22
-286
-310
-351
-410
-312
-383
-69
-52
-219
-172
-250
-143
-115
-297
-403
1
-165
-390
-292
-279
-212
-292
-272
-386
-230
-179
-23
-457
-9
-59
-61
-303
-294
-310
-186
-179
-273
-333
-435
-367
-136
-372
-220
-97
-358
-22
-130
-178
-112
-335
-42
-108
-29
-421
-203
-163
-122
-225
-82
-272
-449
-360
-16
-23
-467
-94
-4
-103
-149
-426
-194
-250
-370
-267
-38
-196
-377
-27
-348
-136
-106
-229
-367
-40
-370
-142
-53
-320
-289
-354
-23
-197
-374
5
-81
-180
-135
-326
-78
-27
-138
-156
-328
-72
-19
-322
-180
-191
-407
-174
-88
0
-128
-458
-41
-174
2
-376
-175
-328
-59
-269
-201
-113
-345
-300
-8
-128
-177
-469
-314
-366
-264
-86
-381
-12
-495
-78
-326
-70
-255
-318
-249
-25
-63
-479
-356
-101
-39
-304
-455
-48
-233
-84
6
-107
-399
-458
-101
-417
-71
-480
-181
-238
-426
-365
-103
-235
-348
-33
-224
-414
-460
-356
-31
-79
-48
-48
-461
-436
-441
-464
-222
-75
-4
-496
-280
-25
-39
-228
-85
-186
-461
-113
-177
-29
-42
-77
-431
-69
-95
-373
-420
-193
-191
-230
-444
-61
-323
-68
-219
-481
-142
-449
-493
-111
-5
-268
-323
-285
-354
-20
-227
-31
-481
-480
-149
-281
-418
-73
-171
-432
-131
-344
-123
-274
-303
-222
-185
-354
-325
-334
-72
-387
-256
-358
-362
-328
-135
-178
-288
-393
-349
-148
-271
-148
-399
-89
-394
-46
-95
-47
-314
-82
-247
-168
-481
-383
-235
-120
-469
-183
-98
-185
-241
-425
-428
-240
-86
-279
-25
-5
-325
-407
-332
-64
-423
-491
-318
-266
-489
-234
-281
-213
-450
-125
-433
-433
-96
-359
-494
-368
-401
-143
-471
-163
-197
-153
-410
-374
-85
-295
-138
-35
-40
-352
-106
-19
-81
-173
-346
-61
-117
-498
-465
-347
-76
-313
-73
-293
-133
-487
-195
-426
-203
-424
-476
-11
-136
-116
-439
-345
-165
-243
-253
-409
-21
-102
-346
-6
-497
-27
-39
-488
-453
-421
-45
-50
-252
-57
-416
-316
-487
-154
-419
-186
9
-350
-476
-119
-106
-166
-35
-356
-260
-225
-125
-215
-196
-119
-260
-178
-294
-280
-21
-423
-14
-497
-320
-28
-419
-410
-125
-86
-246
-399
-15
-239
-356
-51
-69
-465
-1
-285
-446
-66
-19
-97
-469
-345
-139
-259
-224
-121
-107
-456
-289
-71
-207
-2
-352
-359
-232
-29
-96
-41
-210
-363
-314
-147
-195
-171
-431
-188
-296
-435
-117
-355
-13
-444
-205
-195
-386
-144
-296
-255
-400
-386
-63
-205
-39
-91
-322
-307
-10
-415
-140
-125
-465
-8
-319
-6
-482
-346
-300
-179
-343
-308
-400
-124
-31
-451
-293
-371
-194
-51
-284
-418
-401
-141
-466
-278
-31
-165
-346
-30
-371
-249
-2
-7
-36
8
-122
-23
-175
-246
-8
-351
-260
-79
-268
-291
-51
-416
-323
-402
-210
-333
-346
-333
-131
-128
-312
-160
-305
-348
-125
-432
-365
-25
-39
-322
-346
-129
-109
-313
-50
-344
-374
-290
-309
3
-239
-416
-78
-429
-29
-40
-63
-473
-486
-210
-73
-479
-146
-189
-53
-270
-398
-464
-7
-385
-242
-129
-22
-222
-331
-95
-269
-351
-232
-12
-221
-152
-224
-490
-243
-226
-121
-314
-3
-53
-430
-304
-234
-284
-119
-81
-11
-348
-302
-461
-404
-349
-246
-93
-234
-52
-313
-290
-149
-434
-441
-165
-29
-48
-8
-26
-154
-396
-265
-200
-490
-219
-217
-152
-20
-70
-35
-147
-479
-19
-169
-150
-253
-5
-301
-45
-104
-197
-418
-239
9
-375
-88
-460
-304
-39
-397
-100
-435
-35
-482
-43
-395
-148
-395
-132
-435
-255
-15
-57
6
-268
-316
-282
-71
-174
-350
-30
-330
-494
-61
-477
-294
-434
-456
-265
-388
-107
-4
-138
-139
-385
-331
-431
-233
-399
3
-6
-98
-58
-78
-80
-186
-461
-153
-58
-34
-323
-124
-58
-100
-498
-148
-243
-3
-106
-226
-462
-354
-416
-216
-172
-438
-306
-236
-65
-39
-36
-90
-6
-160
-58
-286
-345
-252
-470
-229
-352
-202
-115
-380
-422
-269
-91
-159
-282
-119
9
-197
-101
-94
-38
-144
-261
-185
-25
-464
6
-158
-130
-231
-116
-400
-377
-179
-139
-341
-300
-478
-290
2
-425
-267
-237
-333
-42
-18
-25
-479
-465
-80
-23
-192
9
-401
-244
-278
-450
-406
-13
-273
-107
-407
-395
-67
-71
-76
-426
-399
-148
-6
-454
-289
-10
-103
-101
-11
-236
-239
-477
-6
-384
-364
-397
-449
-298
-248
3
-498
-334
-64
-362
-69
-365
-337
-55
-222
-149
-108
-269
-376
-52
-170
-437
-225
-67
3
-229
-374
-148
-207
-430
-241
-199
-21
-237
-131
-73
-278
-161
-354
-438
-435
-343
-41
-438
-483
-420
-59
-475
-111
-307
-122
-289
-97
-278
-38
-38
-40
-115
-161
-430
-266
-376
-223
-386
-181
-93
-281
-135
-223
5
-91
-393
-29
-18
-399
-238
-55
-120
-348
-87
-395
-62
-57
-304
-201
-59
-57
-39
-126
-5
-318
-4
-36
-347
-420
-157
-446
-72
-22
-96
-257
-79
-257
-257
-227
-93
1
-355
2
-266
-172
-485
-39
-397
-122
-258
-332
-338
-392
-231
-472
-272
-449
-76
-82
-334
-407
-12
-218
-391
-102
-187
-495
-265
-160
-500
-434
-86
-82
-404
-207
-356
-145
-355
-99
-256
-139
-486
-93
-364
-62
-63
-190
-285
-106
-50
-491
-341
-113
-424
-327
-281
-46
-247
-387
-46
-339
-290
-326
-454
-216
-350
-94
-220
-174
-418
-349
-236
-38
-475
-293
-219
-78
-200
-14
-329
-350
-137
-261
-377
-479
-292
-449
-383
-121
-222
-319
-106
-486
-297
-150
-248
-341
-466
-317
-100
-218
-293
-56
-274
-193
-457
-50
-56
-196
-238
-88
-241
-396
-300
-333
-7
-139
-423
-286
-260
-462
-352
-416
-19
2
-122
-200
-310
-128
-305
-268
-128
-267
-461
-332
-207
-336
-6
-340
-334
-108
-241
-326
-146
-450
-28
-306
-452
-318
-19
-481
-279
-145
-36
-274
-494
-444
1
4
-209
-483
-94
-411
-302
-218
-48
-495
-491
-384
-357
-3
-227
-198
-294
-136
-294
-255
-97
-389
-226
-25
-395
-277
-456
-85
-282
-465
-4
-365
-89
-9
-20
-278
-496
-434
-266
-40
-39
-277
-13
-80
-465
-139
-145
-45
-452
-334
-142
-400
-331
-68
-12
-465
-151
-478
-17
-84
-363
-334
-242
-127
-80
-395
-135
1
-358
-393
-203
-45
-60
-6
-352
-447
-105
-177
-468
-499
-385
-393
-191
-164
-218
-269
-17
-229
-18
-160
-214
-460
-60
-304
-320
-423
-358
-222
-419
-463
-318
-190
-368
-363
-495
-305
-102
-19
-411
-297
-192
-376
-113
-477
-266
-475
-126
-171
-444
-260
-103
-296
-300
-4
-479
-453
-95
-256
-450
-217
-167
-315
-492
-289
-458
-181
-396
-244
-334
-420
-476
-111
-370
-154
-319
-236
-69
-362
-423
-121
-228
-128
-357
-482
-469
-418
-358
-129
-315
-356
-56
-87
-130
-372
-383
-426
-456
-469
-32
-449
-154
-107
-444
-148
-243
-29
-377
-160
-327
-469
-170
-408
-238
-290
-451
-80
-81
-93
-367
-2
-13
-66
-281
-250
-175
-218
-407
-476
-295
-180
-463
-253
-152
-446
-390
-228
-72
-446
-395
-196
-376
-431
-395
-207
-493
1
-429
-184
-319
-342
-125
-427
-142
-470
-31
-5
-225
-151
-230
-180
-209
-327
-390
-135
-251
-159
-412
-213
-16
-272
-475
-84
-496
-418
-245
-235
-76
-133
-133
-361
-182
-321
-212
-136
-127
-223
-429
-60
-398
-315
-214
9
-251
-377
3
-115
-7
-444
-403
-84
8
-139
-36
-452
-333
-107
-225
-142
-93
-61
-133
-331
-197
-96
-140
-253
-166
-416
-337
-331
-309
-285
-382
-421
-24
-177
-270
-3
-189
-113
-113
-282
-256
-216
-399
-131
-362
-277
-162
-341
-350
-53
-453
-434
-54
0
-135
-76
-470
-103
-6
-462
-147
-483
-182
-115
-470
-476
-97
-156
-392
-443
-157
-217
-401
-65
-130
-167
-83
-23
-151
-67
-450
-415
-172
-257
-127
-465
-456
-481
-100
-359
-431
-148
-449
-425
-192
-39
-453
-93
-104
-482
-41
-230
-417
-131
-414
-413
-416
-437
-9
-294
-88
-83
-298
-36
-81
-255
-317
-119
-418
-126
-156
-145
-391
-355
-268
-417
-247
-48
-272
-392
-111
-243
-475
-430
-270
-491
-203
-251
-59
-64
-43
-177
-15
-23
-317
-72
-340
-488
-322
-161
-355
-31
-338
-191
-342
-303
-37
-415
-365
-376
-487
-224
-260
-440
-490
-359
-291
-72
-494
-166
-295
-293
-377
-493
-90
-273
-495
-76
-392
-367
-307
-246
-271
-33
-76
-177
-323
-98
-410
-67
-346
0
0
-298
-239
-158
-246
-18
-207
-422
-373
-94
-161
-385
-311
-166
-61
-161
-23
-428
-404
-189
-229
-31
-295
-75
-188
-283
-254
-45
-310
-338
-241
-198
-457
-132
-104
-431
-30
-49
-292
-364
-33
-466
-121
-155
-125
-301
-150
-187
-488
-208
-285
-30
-462
-96
-196
-31
-461
-82
-299
-301
-216
-240
-339
-60
-364
-219
-157
-212
-126
-236
-226
-27
-260
-3
-109
-47
-171
-48
-407
-79
-417
-255
-279
-351
-222
-215
-426
-180
-339
-213
-331
-369
-135
-231
-276
-498
-360
-286
-132
-95
-426
-331
-464
-59
-45
-368
-454
-60
-412
-27
-70
-413
-105
-430
-150
-244
-91
-380
-424
-412
-276
-437
-332
-313
-414
-285
-314
-84
-356
-162
-38
-410
-189
-141
-152
-78
-295
-370
-85
-168
-158
-21
-364
-49
-133
-441
-248
-111
-210
-446
-491
-323
-126
-148
-465
-128
-456
-213
-123
-178
-315
-323
-16
-373
-244
-251
-429
-96
-266
-256
-270
-2
-102
-459
-227
-406
-435
-47
-435
-229
-374
-71
-418
-456
-35
-478
-357
-135
-15
-296
-255
-137
-470
-324
-432
-110
-158
-480
-470
-314
-246
-350
-230
-452
-234
-203
-281
-320
-488
-133
-9
-114
-477
-22
-231
-390
-420
-400
-146
-202
-64
-202
-328
-121
-365
-261
-265
-486
-34
-20
-57
-426
-302
-446
-105
-442
-282
-355
-335
-9
-423
-123
-40
-359
-49
-389
-39
-99
-130
-323
-317
-444
-220
-156
5
-428
-201
-217
-57
-433
-304
-463
-166
-366
-469
-185
-164
-30
-27
-64
-395
-208
-102
-3
-337
-385
-15
-256
-38
-56
-408
-322
-234
-98
-306
-359
-68
-93
-410
-450
-123
-472
-107
-194
-7
-105
-25
-178
-325
-228
-413
-53
-141
-428
-66
9
-55
-66
-153
-221
-336
-72
-127
-349
-280
-185
-97
-54
-90
-496
-67
-141
-470
-339
-149
-197
-302
-483
-20
-104
-165
-393
-491
-214
-407
-475
-289
-210
-343
-371
-274
-22
-300
-461
-304
-127
-411
-205
-144
-322
-42
-388
-140
-98
-293
-209
-333
-445
-195
-250
-202
-391
-80
-98
-197
-294
-27
-416
-194
-191
-317
-240
-427
-101
-413
-424
-143
-86
-179
-181
-480
-410
-185
-268
-339
5
-321
-453
-247
-40
-42
5
-360
-10
-67
-159
-323
-367
-493
-239
-375
-145
-32
-382
-483
-232
-112
-204
-481
-438
-233
-337
-158
-287
-64
-310
-286
-304
-263
-251
-360
-388
-22
-17
-472
-473
-260
-54
-163
-198
-333
-469
-301
-207
-134
-43
-427
-58
-131
-486
-129
-226
-254
-317
-25
-367
-112
-473
-360
-410
-276
-480
-378
-285
-461
-262
-54
-348
-348
-489
-494
-217
-99
-494
-79
-290
-471
-99
-167
-453
-170
-283
-475
-184
-358
-193
-240
-191
-306
-280
-275
-93
-471
-110
-101
-103
-278
-90
-146
-228
-289
-418
-44
-183
-94
3
-187
-183
-409
-87
-10
-352
-290
-26
-302
-180
-66
-66
-80
-189
-143
-291
-498
-443
-185
-348
-441
-500
-268
-373
-280
-110
-31
-164
-447
-183
-150
-60
-332
-21
-487
-276
-18
-297
-124
-305
-153
-440
-282
-26
-177
-101
-2
-223
-415
-455
-392
-418
-255
-18
-459
-380
-359
-430
-326
-380
-105
-142
-96
-137
-175
-233
-91
-195
-122
-151
-189
-268
-226
-277
-413
-317
-213
-437
6
-446
-401
-486
-327
-401
-364
-69
-432
-61
-468
-463
-341
-138
-334
-259
-22
-7
-261
-436
-63
-377
-184
-420
-412
-81
-399
-449
-264
-342
-497
-368
-421
-18
-444
-55
-201
-441
-367
-210
-253
-9
-267
-136
-16
-364
-25
-199
-22
-360
-176
-422
-384
-78
-199
-467
-46
-3
-355
-46
-418
-439
-7
-362
-243
-47
-45
-395
-2
-389
-289
-66
-226
-122
-295
-76
-373
-41
-41
-222
-251
-227
-462
-151
-42
-67
-489
-372
-67
-361
-471
-207
-406
-235
-11
-390
-62
-81
-180
-218
-307
-223
-460
-108
-228
-342
-250
-236
-385
-168
-490
-72
-490
-153
-454
7
-137
-493
-202
-181
-158
-162
-449
-142
-402
-497
5
-444
-189
-430
-316
-282
-317
-239
-350
-209
-122
-323
-227
-11
-430
-105
-425
-342
-402
-494
-250
-71
-249
-428
-326
-309
-2
-91
-182
-70
-24
-157
-303
-2
-122
-169
-284
-86
7
-104
9
-287
-237
-77
-364
-469
-29
-386
-40
-254
-311
-117
-94
-326
2
-40
-320
-419
-226
-419
-152
-409
-196
-333
-263
-111
-272
-233
-218
-466
-231
-282
-159
-142
-174
-480
-323
-151
-158
-326
-37
-187
-197
-20
-286
-105
-131
-460
-223
-171
-297
-267
-123
-485
-151
-169
-219
-132
-440
-159
-20
-274
-419
-286
-106
-360
-193
-56
-278
-168
-72
-329
-409
-208
-436
-208
-347
-268
-118
-401
-48
-483
-29
-281
-250
-310
-461
-370
-268
-115
-347
-139
1
-87
-60
-456
-395
-5
-486
-208
-406
-38
-455
-233
-148
1
-436
-2
-449
-353
-74
-424
-104
-419
-401
-186
-68
-113
-15
-45
-282
-154
-463
-11
-427
-89
-9
-422
-146
-300
-279
-153
-172
-391
-396
-393
-82
-68
-389
-374
-397
-295
-20
-426
-199
-228
-301
-147
-328
-130
-272
-226
-451
-222
-255
-230
-14
-439
-256
-283
-50
-456
-180
-386
-57
-162
-364
-222
-228
-417
-167
-19
-413
-12
-494
-414
-217
-447
-171
-81
-6
-188
-100
-13
-143
-419
-61
-391
-44
-458
-369
-289
-76
-436
-404
-248
-449
-172
-185
-323
-477
-403
-480
-161
-183
-421
-149
-330
-190
-3
-27
-357
-265
-243
-371
-261
-157
-228
-361
-497
-292
-222
-42
-305
-248
-497
-438
-364
-313
-440
-475
-285
-383
-54
-168
-408
-133
-343
-357
-360
-276
-145
-266
-374
-160
-350
-55
-424
-34
-161
-3
-276
-343
-131
-98
-190
-250
-221
-475
-266
-210
-490
-367
-414
-116
-425
-490
-112
-349
-365
-266
-17
-456
-55
-417
-185
-80
-465
-311
-388
-98
-167
-269
-412
9
-299
-44
-136
-236
-25
-273
-295
-130
-15
-295
-445
1
-453
-232
-64
-428
-349
-34
-290
-218
-303
-104
-25
-153
-101
-456
-152
-321
-369
-444
-442
-442
-203
-337
-366
-257
-36
-268
-177
-319
-56
-261
-444
-459
-170
-121
-22
-278
-344
-170
-476
-176
-191
-287
7
-458
-406
-82
-58
-138
-319
-38
-54
-21
-2
-383
-64
-226
-235
7
-17
-208
-466
-286
-246
-164
-460
-424
-316
-427
-330
3
-247
-43
-410
-307
-363
-318
-96
-10
-83
-370
-318
-33
3
5
-56
-189
-7
-61
-225
-119
-390
-350
-361
-435
-89
-70
-170
-35
-457
-346
-197
-125
-313
-270
-484
-243
-127
-114
-66
-291
-112
-93
-349
-317
-123
-184
-58
-251
-195
-254
-77
-436
-114
-374
-252
-202
-307
-35
-3
-380
-403
-262
-54
-484
-233
-297
-95
-474
-129
-96
-350
-138
-401
-102
-366
-125
-346
6
-317
-402
-63
-491
0
-432
-354
-429
-340
-106
-175
-106
-90
-59
-113
-138
-319
-287
-111
-443
-409
-338
-5
-278
-190
-320
-65
-401
-258
-346
-212
-217
-127
-38
-409
-214
-186
-121
5
-7
-41
-142
-214
-165
-255
-366
-490
-91
-69
-135
-125
-140
-91
-397
-469
-224
-459
-364
-384
-157
-310
-397
-445
-144
-183
-144
-164
-114
-475
-162
-233
-297
-277
-36
-66
-321
-388
-120
-163
-301
-173
0
-170
-146
-453
-386
-190
-110
-371
-71
-166
-475
-59
-479
-383
-374
-161
-136
-485
-248
-150
-442
-373
-373
-45
-141
-452
-313
-241
-366
-190
-185
-451
-127
-98
-139
-71
-332
-497
-283
-93
-112
-202
-210
-35
-459
-194
-33
-84
-266
-463
-134
-168
-471
-194
-303
-32
-63
-176
-344
-411
-486
-157
-95
-254
-469
-142
-301
-446
-382
-382
-389
1
-158
-486
-205
-134
-339
-336
-204
-363
-492
-141
-429
-187
-171
-69
-298
-317
-220
-391
-50
-371
-21
-343
-65
-497
-244
-458
-17
-108
-360
-194
-485
-81
-252
-480
-105
-286
-151
-154
-257
-159
-413
-434
-371
-404
-397
-466
-438
-26
-177
-107
-151
-289
-391
-353
-209
-8
-490
-213
-454
-173
-496
-424
-331
-82
-100
-71
-422
-440
-131
-460
-106
-79
-371
-108
6
-393
-227
-164
-383
-303
-14
-74
-486
-350
-397
-290
-97
-116
-305
-368
-214
-101
-214
-95
-183
-278
-362
-302
-273
-151
-98
-416
-50
-357
-72
-466
-40
-61
-101
-325
-10
-209
-416
-274
-3
-131
-104
-122
-161
-324
3
-458
-293
-257
-398
-418
-141
-93
-487
-200
-76
-379
-256
-30
-182
-451
-457
-390
-161
-390
-302
-199
-15
-361
-254
-477
-242
-386
-487
-153
-335
-180
-302
-372
-12
-216
-470
-115
-410
-92
-55
-377
-83
-481
-34
-242
-222
-152
-289
-479
-389
-345
-63
-100
-179
-214
-320
-325
-319
-222
-125
-356
-390
-385
-336
-380
-158
-205
-369
-196
-392
-365
-206
-308
-3
-414
-426
-270
-349
9
-245
-9
-479
-131
-385
-484
-98
-343
-356
-237
-155
-32
-89
-275
-117
-2
-445
-127
-122
-429
-489
-10
-394
-113
-187
-333
-1
-315
-181
-83
-380
-107
-136
-369
-497
-96
-57
-155
-164
-77
-405
-439
-148
-13
-248
-335
-226
-326
-154
-415
-256
-336
-338
-191
-39
-374
-232
-49
-95
-443
-341
-417
-35
-43
-335
-497
-191
-282
-452
-492
-272
-282
-467
-439
-49
-444
-232
-238
-418
-138
-10
-399
-422
-234
-351
-97
-300
-317
-5
-252
-113
-1
-380
-494
-19
-185
-287
-47
-443
-160
-314
-217
-279
-375
-186
-292
-305
-225
-432
-225
-39
-490
-346
-243
-272
-292
-194
-403
-421
-111
-225
-456
-236
-252
-297
-165
-276
-147
-415
-14
-347
-298
-202
-284
-356
-492
6
-12
-359
-33
7
-493
-78
-57
-123
-131
-392
-389
-400
-318
-267
-236
-396
-186
-268
-204
-469
-193
-136
-268
-370
-481
-67
-176
-196
-4
-252
-202
-431
-375
-499
-62
-252
-88
-298
-277
-10
-121
-217
-250
-221
-132
-45
-158
-114
-444
-426
-346
-191
-441
-368
-231
-282
-389
-69
-80
-255
-277
-122
-469
-101
-314
-343
-226
-449
-290
-205
-63
-208
-337
-300
-365
-415
-145
-420
-405
-79
-224
-48
-440
-459
-38
-351
-45
-319
-235
-213
-472
-310
-305
-436
-191
-35
-470
-78
-6
-158
-292
-202
-82
-437
-495
-243
-165
-362
-486
-346
-33
-90
-450
-394
-94
-149
-248
-129
-445
-313
-170
-123
-243
-104
7
-438
-224
-420
-27
-293
-437
-270
-305
-200
-80
-88
-499
-372
-328
-352
-334
-35
-218
-30
-288
-227
-345
-16
-244
-271
-213
-87
-220
-471
-84
-277
-278
-380
-420
-471
-141
-279
-198
-353
-103
-79
-314
-313
-269
-432
-166
-266
-190
-394
-286
-96
-488
-489
-396
-265
-337
-87
-417
-401
-378
-412
-457
-141
-203
-374
-452
-149
-289
-79
-499
-163
-308
-280
-3
-11
-199
-187
-152
-385
-320
2
-392
-37
-256
-161
-439
-445
-223
-398
-440
-285
-182
-395
-427
-342
-303
-207
-423
-86
-144
-85
-414
6
-105
-10
-53
-358
-281
-207
-4
-447
-259
-310
-460
-484
-259
-31
-341
-112
-50
-499
-243
-270
-151
-394
-75
-69
-121
-301
-61
-401
-108
-322
-260
-271
-254
-382
-300
-157
-275
-487
-38
-95
-403
-218
-364
-56
-45
-392
-376
-222
-145
-112
-378
-119
-115
-232
-398
-308
-430
-451
-104
-62
-423
-447
6
-493
-361
-181
-313
-379
-14
-61
-71
-84
-50
-317
-150
-5
-329
-334
-400
-440
-404
-442
-335
-54
-316
-35
-69
-453
-179
-400
-271
-471
-269
-481
-474
-220
-328
-25
-406
-438
-294
-50
-477
-284
-312
-78
-405
-410
-352
-312
-153
-280
-79
-115
-331
-387
-440
-482
-483
-62
-128
-170
-323
-342
-94
-20
-362
-435
-121
-452
-159
-4
-475
-377
-315
-411
-341
-403
-23
-295
-182
-355
-365
-178
-24
-276
-61
-163
-26
-53
-465
-433
-401
-137
-171
-333
9
-401
-338
-385
-272
-278
-95
9
-135
-210
-92
-240
-32
-206
-277
-472
-374
-475
-325
-491
-116
-130
-260
-118
-345
-269
-419
-36
-22
-362
-478
-116
-484
-198
-356
-68
-215
-298
-398
-487
-440
-218
-224
-63
-159
-383
-367
-25
-154
-94
-359
-266
-238
-372
6
-229
-253
-110
-276
-463
-86
-207
-2
-156
-68
-81
-431
-263
6
-51
-446
-186
-44
-3
-459
-359
-313
-139
-305
-332
-29
-149
-496
-306
-329
-301
-248
-336
-482
-76
-88
-225
-403
-104
-482
-316
-256
-317
-334
-266
-424
-13
-47
-434
-200
-308
-221
-31
-460
-202
9
-14
-280
-80
-374
-299
-445
-336
-418
-69
-30
-495
-110
6
-321
-386
-339
-271
-163
-473
-76
-136
-158
-409
-459
-277
-411
-270
-155
-475
-140
-412
-296
-89
-500
-246
-434
-82
-448
3
-462
-164
-333
-446
-158
-323
-99
-326
-242
-31
-474
-57
-398
-372
-349
-375
-236
-307
-334
7
-282
-206
-149
-174
-221
-236
-250
-474
-226
-461
-263
-363
-199
-370
-197
-87
-432
-148
-326
-96
-248
-188
-3
-397
-460
-49
-464
-377
-218
-310
-369
-245
-171
-449
-355
-60
-368
-489
-125
-427
-271
-479
-76
-301
-246
-101
-243
-215
-452
-327
-315
-42
-141
-470
9
-427
-235
-232
-135
-55
7
-226
-438
-297
-473
-458
-161
-287
-439
-65
-321
-138
-155
-185
-108
-356
-385
-133
-207
-25
-51
-235
-430
-254
-227
5
-419
-253
-309
-198
-21
-87
-151
-393
-422
-134
-176
-287
-300
-356
-257
-273
-249
-317
-468
-221
-183
-19
-465
-287
-90
-135
-308
-225
-390
-57
-258
-478
-463
-396
-359
-468
-415
-80
-293
-276
-232
-441
-86
-411
-372
-249
-168
-303
-481
-453
-327
-189
-57
-373
-485
-228
-102
-389
-377
-265
-56
-133
6
-251
-453
-18
-484
-405
-146
-394
-170
-374
-128
-325
-27
-211
-389
-317
-485
-192
-65
-303
-254
-413
-280
-225
-316
-254
-110
-156
6
-153
-375
-487
-281
-245
-347
-313
1
-230
-222
-382
-375
-306
-495
-270
-273
-294
-287
-6
-497
-300
-425
-161
-51
-131
-4
-58
-467
-402
-78
-478
-212
-497
-178
-425
-56
-360
-400
-16
6
-144
-198
-47
-301
-432
-17
-136
-69
-232
-146
-429
-428
-373
-371
-99
-480
-335
-100
-254
-160
-155
-122
-77
-166
-169
-175
-397
-333
-81
-433
-142
-271
-42
-158
-194
-446
-62
-85
-330
-359
-302
-289
-452
-70
-325
-262
-77
-80
-284
-225
-273
-446
-450
-143
-373
-318
-195
-437
-478
-438
-142
-291
-126
-444
-411
-76
-345
-73
-441
-123
-22
-261
-132
-13
-425
-482
-349
-85
-164
-366
-299
-17
-315
-464
-129
-268
-211
-413
-84
-218
-446
-248
-268
-169
-223
-196
-301
-138
-194
-206
-117
-84
-100
-357
-254
-383
-491
-150
-165
-5
-465
-350
-262
-90
-386
-387
-425
-433
-188
-142
-324
-479
-208
-125
-288
-457
-135
-435
-264
-182
-346
-335
-465
-421
-343
-291
-156
-470
-64
-12
-274
-188
-404
-263
-80
-89
-313
6
-27
-309
-289
-291
-103
-440
7
-24
-229
-392
-286
-35
-82
-254
-275
-490
-193
-84
-156
-123
-31
-458
-108
-139
-53
-314
-231
-396
-152
-103
-42
-334
-359
-86
-366
-176
-402
3
-206
-301
-187
-193
-116
-414
-66
-203
-136
-415
-388
-420
-216
-467
5
-407
-310
-136
-21
-27
-331
-383
-26
-280
-489
-370
-375
-480
-169
-458
-349
-179
-216
-354
-9
-488
-309
-417
-13
-211
-62
-14
-220
-399
-341
-404
-273
-343
-74
-57
-93
-470
-53
-365
-49
-220
-111
-14
-405
-269
-471
-270
-409
-477
-81
-245
-289
-226
-229
-394
-208
-88
-439
0
-194
-216
-499
-376
-472
-98
-337
-422
-151
-153
-103
-393
9
-160
-283
-274
-53
-123
-43
-195
-159
-476
-121
-496
-238
-113
-329
-369
-22
-327
-465
-52
-93
-58
-61
-81
-469
-498
-21
-142
-112
-499
-361
-73
-133
-85
-407
-60
-356
-372
-78
-125
-23
-409
-361
-200
-500
-490
-11
-136
-477
-348
-446
-69
-213
-411
-457
-306
2
-148
-214
-64
-168
-130
-406
-38
-230
-65
-60
-251
-229
-222
-42
-360
-117
-46
-118
-9
-125
-10
-15
-413
-282
-448
-366
-264
-51
-456
-485
-198
-381
-227
-126
-372
-58
-34
-497
-474
-233
-270
-210
-457
-125
-94
-355
-142
-279
-98
-396
-10
-2
-108
-317
-478
-169
-88
-169
-454
-454
-177
-106
-244
-235
-58
-241
-145
-310
-115
-222
-330
-145
-83
-500
-174
-270
-240
-292
-141
-222
-353
-414
-109
-82
-165
-493
-352
-66
-317
-406
-98
-133
-186
-385
-88
-123
-412
-49
-266
-125
-21
-2
-383
-295
-218
-50
-492
-62
-99
-335
-495
-114
-10
-490
-446
-493
-187
-181
-334
-187
-329
-235
-380
-8
-336
-100
-256
-374
-359
-292
-144
-255
-2
-120
-293
-277
-11
-330
-348
-94
-426
-132
-298
-338
-124
-297
-8
-275
-42
-413
-495
-219
-455
-12
-270
-146
-475
-148
-360
-200
7
-365
3
-166
-234
-181
-482
-364
-170
-293
-199
-423
-494
-437
-22
-297
-294
-203
-158
-267
-211
-361
-25
-51
-152
6
-326
-106
-226
-373
-484
-33
-271
-46
-405
-473
-440
-166
-251
7
-433
-71
-493
-222
-68
-214
-75
-16
-5
-375
-205
-210
-303
-94
-124
-303
-169
-436
-122
-179
-233
-483
-139
-475
-394
-64
-334
-181
-83
-416
-63
-286
-72
-215
-56
-32
-209
-390
-390
-437
-281
-471
-304
-25
-112
-435
-443
-405
-156
-325
-178
-193
-369
-149
-23
-80
-316
-260
-404
-412
-34
-156
-213
-109
-77
-156
-386
-11
-304
-364
-236
-59
-383
-389
-377
-226
-331
-296
-397
-252
-334
-33
-318
-124
-26
-206
-300
-494
-500
-237
-96
-481
-128
-361
-425
-227
-102
-456
-84
-170
-177
-245
-235
-70
-101
-9
-102
-363
-108
-415
-245
-330
-422
-60
-153
-322
-36
-415
-45
-146
-152
-281
-318
-164
-334
-365
-500
-445
-348
-120
-348
-294
-284
-37
-489
-250
-464
-301
-310
-137
-385
-166
-411
-108
-199
-467
-476
-311
-198
4
-413
-186
-282
-7
-220
-175
-148
-465
-370
-386
-37
-216
-378
-43
-314
-296
-158
-272
-471
-83
-219
-350
-471
-474
-11
-382
-49
-491
-288
-54
-154
-214
-38
-115
-465
-390
-436
-138
-89
-145
-440
-397
-322
-43
-138
-393
-423
-35
-352
-279
-289
-91
-148
-151
-350
-252
-176
-54
-214
-348
-42
-451
-227
-315
-243
-79
-114
-131
-21
-115
-2
-51
-265
-404
-356
-238
-297
-441
-168
-45
-165
-345
-253
-137
-336
-280
5
7
-160
-2
-358
-18
-160
-101
-136
-456
-144
-181
-463
-260
-277
-39
-74
3
-34
-53
-32
-199
-366
-9
-427
-14
7
-437
5
-478
-238
-272
-411
-319
-75
-53
6
-304
-290
-23
-476
-246
-465
-56
-459
-112
-285
-82
-5
-260
-19
-143
-466
-155
-395
-99
-326
-142
-412
-480
-130
-483
-130
-164
-343
-146
-148
-157
-229
-18
-300
-240
-222
-301
-363
-102
-80
-362
-187
-314
-398
-291
-300
-379
-449
-103
-468
-217
-371
-334
-427
-112
-411
-206
-480
-125
-135
-426
-224
-340
-404
-29
-273
-446
-273
-492
-342
-90
-74
-209
-208
-282
-296
-310
-162
-307
-41
-207
-234
-500
-41
-191
-444
-280
-281
-99
-229
-259
-324
-459
-130
-497
-394
-452
-320
-390
-24
8
-75
-446
-476
-31
-182
-273
-247
-257
-339
-101
-186
-228
-26
-354
-374
-488
-131
-472
-492
-283
-199
-214
-19
-188
-449
-395
-183
-484
-344
-47
-23
-12
-78
-67
-92
-256
-129
-236
-490
-466
-140
-80
-50
-495
-179
-84
-6
-372
-227
-277
-474
-247
-43
-89
-297
-262
-427
-38
-208
-321
-90
-15
-446
2
-331
-125
-364
-98
-444
-471
-115
-119
-309
-454
-95
-9
-246
-359
-80
-93
-396
-420
-287
-492
-484
-325
-88
-279
-206
-165
-404
-499
-164
-317
-83
-465
-271
-194
-286
-294
-34
-493
-199
-53
-257
-162
-434
-500
-461
-333
-421
-135
-82
-253
-459
-340
-349
-127
-315
-202
-480
-296
-351
-166
-305
-297
-439
-400
-448
-368
-227
-246
-368
-228
-454
-142
-31
-414
-140
-60
-454
-5
-489
-7
-399
-466
-192
-355
-386
-194
-3
-341
-405
-198
-126
-196
-186
-1
-317
-165
-407
-200
-196
-22
-296
-459
-178
-122
-30
-455
-186
-373
-217
-488
-3
-21
-356
-434
-374
-334
-409
-336
-354
-312
-278
-469
-51
-256
-11
-202
-354
-173
-317
-234
-393
-407
-392
-80
-210
-137
-428
-127
-42
-45
-163
-138
-383
-264
-407
-87
-124
-218
-40
-219
-119
-404
-93
-471
-142
-435
-109
-282
-10
-26
-284
-400
-404
-174
-129
-27
-330
-42
-312
-386
-86
-84
-211
-76
-34
-93
-265
-335
-187
-342
-39
-487
-424
-333
7
-99
-11
8
-390
-105
-402
-405
-34
-438
-161
-460
-109
-249
-28
-1
-90
-241
-59
-98
-338
-374
-201
-113
-262
-363
-293
-123
-402
-168
-129
-315
-245
-184
-160
-64
-48
-134
-157
-416
-245
-139
-185
-173
-404
-204
-453
-474
-267
-20
-257
-408
-347
-203
-391
-244
-129
-166
-225
-43
-193
-452
-367
-495
-82
-152
-95
-302
-436
-297
-472
-380
3
-463
-241
-66
-377
-448
-323
-390
-155
-360
-82
-291
-10
-371
-294
-144
-438
-160
-64
-363
-282
-115
-21
-295
-478
-375
-128
-298
-450
-112
-315
-369
-163
-198
-492
-276
-494
-274
-183
-363
-10
-81
-303
-464
8
-413
-138
-477
-295
-41
-116
-125
-429
-419
-77
-4
-108
-411
-330
-473
-260
-2
-177
-214
-157
-274
-16
-447
-279
-17
-212
-292
-469
-21
-4
-228
-334
-160
-113
-176
-403
-156
-322
-198
-189
-442
-230
-371
-135
-372
-71
0
-34
-214
-489
-464
-102
-273
-173
-117
-11
-253
-98
-429
-143
-463
-427
-162
-354
-136
-153
-47
-173
-460
-349
-305
-125
-26
-364
-140
-25
-213
-51
-37
-30
-226
-452
-477
-455
-329
-166
-89
-244
-398
-482
-192
-214
-44
-480
-223
-232
-38
-7
-120
6
-444
-69
-383
-58
-426
-348
-363
-492
-286
-63
-211
-279
-200
-263
-469
-8
-114
-147
-349
-207
-89
-421
-30
-494
-458
-165
-381
-92
-488
-174
-272
-224
-414
-464
-53
-339
-160
-103
-398
-112
-313
-213
-435
-403
-347
-327
-468
-452
-339
-65
-240
-65
-388
-144
-68
-126
-381
-449
-295
-103
-239
-440
-316
-3
-476
-330
-141
-56
-3
-201
-64
-35
-368
-485
-359
-33
-203
-303
-477
-78
-142
-29
-325
-268
-55
-265
-164
-108
-170
-24
-176
-144
-302
-353
-479
-247
-478
-77
-132
-107
-51
-356
-95
-245
-160
-277
-12
-365
-225
-118
-481
-208
-199
-135
-424
-185
-155
-373
-500
-222
-290
-320
-423
-214
-174
-67
-338
-219
-187
-75
-52
-199
-272
-217
-476
-204
-209
-360
-493
-274
-368
-194
-95
-424
-243
-397
-490
-121
-323
-207
-113
-349
-59
-253
-441
-388
-178
-482
-251
-240
-114
0
-455
-179
-444
-486
-484
-87
-69
-301
-491
-180
-332
-439
-276
-25
-413
-485
-17
-427
-303
-387
-268
-490
-345
-103
-433
-127
-293
-186
-115
-387
-257
-382
-390
-210
-449
-415
-17
-333
-104
-103
-105
-495
-402
-25
-340
-102
-162
-443
-412
-326
-241
-395
-447
-228
-423
-147
-465
-452
-45
-327
-487
-338
-429
-370
-134
-137
-18
-320
-475
-23
-499
-433
-262
-24
-311
-229
-265
-249
-260
-287
-140
-457
-453
-34
-168
-312
-177
-348
-216
-250
-102
-279
-34
-236
-420
-398
-197
-218
-427
-121
-52
-289
-204
-360
-319
-423
-364
-190
-90
-470
-311
-163
-349
-473
-7
-346
-316
9
-289
-121
-471
-375
-279
-357
-403
-473
-208
-303
-426
-252
-51
-433
-91
-148
-206
-194
-389
-257
-76
-447
-334
-499
-266
-211
-120
-221
-155
-383
-261
-121
-171
-324
-197
-71
-447
-345
-249
-155
-342
-308
-328
-470
-123
-77
-416
-1
-185
-332
-139
-161
-167
-468
-23
-251
-356
-232
-196
-387
-289
-86
-297
-489
-202
-96
-105
-302
-199
-310
-3
-263
-454
-224
-253
-450
-490
-155
-353
-328
-259
-311
-355
-312
-496
-478
-310
-309
-19
-274
-192
-486
-88
-349
-15
-30
-440
-2
-59
-180
-120
-290
-475
-485
-376
-202
-228
-184
-290
-390
-480
-499
-258
-45
-355
-17
-265
-475
-215
-100
-146
-207
-483
-233
-358
-2
-131
-263
-434
-69
-275
-481
-13
-112
-487
-286
-280
-169
-237
-312
-389
-444
-198
-340
-36
-254
-416
-256
-253
-281
-458
-247
-36
-46
-484
-432
-204
-270
-183
-57
-94
-384
-136
-449
-27
-209
-36
-233
-249
-216
-362
-370
-217
7
-299
-350
-457
-48
-36
-195
-97
-255
-324
-206
-371
-405
-124
-297
-191
-339
-175
-59
-150
-383
-346
-270
-484
-450
-481
7
-78
-259
-389
-108
-467
-334
-142
-385
-398
-393
-49
-37
-286
-57
-438
-142
-432
-213
-25
-97
-399
-205
-233
-118
-180
-308
-325
-294
-137
-344
-210
-17
-439
-252
-66
7
-130
-2
-2
-304
-298
-430
-13
-1
-419
-21
3
-302
-344
-31
-166
-454
-127
-437
-267
-241
-41
7
-416
-471
-241
-284
-24
-401
-284
-452
-278
-52
-120
-30
-99
-53
-463
-102
-182
-432
-66
-190
-317
-124
-251
-413
-255
-272
-393
-287
-273
-420
-97
-478
-461
-87
-475
-448
-442
-486
-234
-480
-229
-462
-250
-428
-148
-139
-448
-288
-489
-296
-470
-89
-215
-353
-10
-115
-194
-29
-146
-265
-270
-411
-313
-225
-320
-33
-437
-153
-259
-27
-21
-462
-363
-294
-288
-27
-64
-219
-411
-388
-211
-371
-472
-474
-258
-130
-218
-457
-457
-431
-492
-379
-233
-156
-166
-168
-277
-491
-337
-61
-125
-325
-133
-224
-8
3
-176
-92
-146
-40
-340
-68
-461
-432
-237
-206
-39
-435
-127
-46
-103
-214
-49
-291
-102
-353
-80
3
-110
-219
-93
-328
-435
-397
-143
-401
-237
-341
-216
-189
-268
-165
-342
-422
-411
-498
-74
-403
-68
-488
-206
-100
-298
-348
-190
-470
-71
-417
-436
-455
-323
-269
-25
-234
-176
-495
5
-25
-83
-318
-494
-325
-350
-28
-134
-284
-355
-435
-184
-412
-119
-223
-144
-17
-32
-24
-488
-332
-324
-5
-267
-67
-107
-432
-416
-6
-299
-112
-285
-410
-242
-77
-162
-450
-332
-311
-255
-243
-374
-168
-235
-299
8
-90
-156
-486
-81
-47
-316
-237
-255
-374
-431
-235
-295
-314
-274
-452
-473
-401
-3
-407
-177
-420
-147
-108
-224
-169
-228
-470
-60
-118
-141
-254
-462
-107
-447
-104
5
-500
-185
-482
-260
-194
-44
-75
-139
-309
-141
-376
-473
-149
-400
-84
-188
-199
-70
-44
-86
-393
-259
-213
-42
-325
-276
-390
-427
-394
-45
-184
-338
-466
-236
-378
-270
-309
-149
-111
-228
-17
-25
-484
-181
-104
-387
-54
-295
-490
-94
-477
-245
-211
-108
-434
-81
-309
-181
-197
-61
-234
-407
-308
-333
-73
-246
-464
-13
-76
-136
5
-189
-216
-366
-163
2
-239
-386
-403
-272
-420
-470
-374
-101
-373
-458
-260
3
-146
-498
-400
-68
-468
-57
-269
-435
-229
-82
-49
-387
-390
-16
-131
-117
-247
-254
-91
-430
-78
-203
-498
-457
-116
-481
-149
-262
-56
-5
-240
-149
-365
-343
-404
-150
-139
-30
-288
-39
-188
-70
-94
-383
-276
-233
-323
-121
-212
-13
-370
-369
-13
-407
-227
-475
-385
-312
-187
-305
-385
-75
-366
-367
5
-110
-336
-465
8
-317
-233
-327
-248
-255
-444
-288
-100
-270
-71
-250
-207
-173
-93
-457
-390
-168
-339
-138
8
-119
-82
-342
-462
-51
-483
-53
-40
-343
-440
-253
-320
-201
-92
-37
-22
-71
-175
-267
-272
-484
-294
-213
-44
-113
-248
-343
-154
-127
-60
-10
-282
-88
-86
-92
-4
-375
-291
-28
-302
-212
-392
-348
-228
-25
-74
-25
-265
-212
-450
-204
-372
-281
-108
-226
-185
-416
8
-28
-111
-16
-66
-44
-82
-442
-106
-420
-59
-475
-143
-6
-307
-293
-328
-422
-89
3
-230
-395
-468
-208
-20
-280
-487
-464
-328
-54
-344
-356
-78
-126
-417
-236
-138
-365
-150
-445
-155
-468
-457
-428
-358
-123
-416
-156
-196
-26
-52
-101
-424
-465
-201
-268
-453
-52
-472
-402
-97
-432
-163
-233
-476
-214
-26
-376
-363
-165
-237
-189
-223
-347
-74
-138
-125
-164
-330
-46
-307
-211
-320
-150
-91
-75
-393
-323
-413
-264
-138
-424
-141
-112
-136
-406
-382
-227
-252
-68
-54
-306
-362
-64
-468
-27
-454
-275
-104
-419
-426
-62
-116
-307
-105
-292
-176
-463
-318
-212
-192
-478
-201
-266
-153
-327
-486
-22
-77
-281
-39
-168
-485
-86
-65
-340
-346
-47
-470
-65
-42
7
-313
-56
-333
-295
-299
-329
-324
-444
-350
-221
-67
-329
-207
-333
-150
-440
-383
-133
-275
-169
-354
-8
-193
-482
-233
-497
-283
-375
-317
-51
-449
9
-33
-429
-119
-187
-300
-282
-191
-136
-219
-346
-291
-163
-177
7
-238
-87
-304
-356
-391
-209
-332
-352
-339
-117
-247
-133
-284
-62
-293
-138
-259
-367
-104
-20
-103
-411
-6
-437
-422
-463
-278
-257
-87
-393
-366
-207
-392
3
-423
-57
-390
-418
-93
-80
-424
-295
-133
-478
-21
-122
-183
-320
-261
-348
-411
-255
-65
-370
-165
-475
-277
-99
-340
-190
-431
-267
-84
5
-275
-131
-67
-454
3
-358
-9
-424
-293
-224
-174
-70
-134
-355
-378
-70
-159
-337
-485
-61
-492
-247
-262
-59
-495
-160
-439
-204
-186
-213
-489
-115
-348
-206
-411
-216
-321
-364
-397
-369
